@RELATION Sample
@ATTRIBUTE a1  real
@ATTRIBUTE a2  real
@ATTRIBUTE a3  real
@ATTRIBUTE a4  real
@ATTRIBUTE a5  real
@ATTRIBUTE a6  real
@ATTRIBUTE a7  real
@ATTRIBUTE a8  real
@ATTRIBUTE a9  real
@ATTRIBUTE a10  real
@ATTRIBUTE a11  real
@ATTRIBUTE a12  real
@ATTRIBUTE a13  real

@ATTRIBUTE class {0, 1}

@DATA
1,2,3,2,2,1,3,3,1,1,1,1,1,0
2,1,4,2,3,1,3,2,1,1,1,2,1,0
1,2,1,2,1,1,1,3,2,2,1,1,3,0
1,2,2,2,2,1,3,3,1,1,2,1,1,0
1,1,2,2,3,2,3,2,2,1,1,2,1,0
1,1,3,2,3,1,1,1,1,1,1,1,1,0
2,2,4,2,1,1,3,1,1,3,1,1,2,0
2,1,4,2,1,1,1,2,1,1,1,1,1,0
1,2,2,1,1,2,1,2,1,1,1,1,3,0
1,2,4,2,3,1,3,3,2,1,1,1,1,0
1,1,2,2,3,1,1,2,1,1,1,1,1,0
1,1,2,2,1,1,1,1,1,1,2,1,1,0
1,2,2,2,3,1,1,2,1,1,1,1,1,0
2,1,1,2,1,1,1,1,1,3,3,1,1,0
1,2,3,2,2,1,3,2,1,2,1,1,3,0
1,1,3,2,1,1,3,2,2,2,3,1,1,0
1,1,2,2,1,1,1,3,1,1,1,1,1,0
1,2,2,2,3,1,3,3,1,1,1,1,1,0
2,2,1,2,1,1,3,2,1,3,2,1,3,0
2,2,1,2,2,2,3,1,1,1,2,2,1,0
1,2,1,2,1,1,3,3,1,1,1,1,1,0
1,2,3,2,2,2,1,3,1,1,3,1,3,0
1,2,3,2,2,2,3,2,1,3,2,1,1,0
1,2,2,2,1,1,3,3,1,1,1,1,1,0
1,1,2,2,1,1,3,3,1,2,1,1,1,0
2,1,3,2,3,1,3,3,1,1,1,1,1,0
1,1,4,2,2,1,3,2,1,1,1,1,1,0
1,1,4,2,3,1,3,1,1,1,2,1,1,0
2,1,3,2,3,1,3,2,1,1,1,1,1,0
2,1,3,2,3,1,3,3,1,1,1,1,1,0
2,2,4,2,2,1,3,1,2,2,2,2,3,1
2,2,4,2,3,1,3,3,1,2,2,3,3,1
2,2,1,2,2,1,1,1,1,3,2,3,1,1
2,2,4,2,1,1,3,1,2,3,2,3,3,1
2,1,4,2,1,1,3,1,1,2,2,4,3,1
2,2,4,2,3,1,3,1,2,1,1,1,3,1
2,1,4,2,3,1,3,2,1,3,2,3,3,1
2,2,4,2,1,1,1,2,2,1,1,2,3,1
1,2,4,2,3,1,3,1,1,1,1,1,3,1
2,1,4,2,3,2,3,1,2,3,3,3,3,1
2,2,4,2,1,2,1,2,2,2,1,3,3,1
1,2,2,2,3,1,3,3,1,1,1,2,3,1
1,2,4,2,3,1,1,1,2,3,2,3,3,1
2,2,4,1,3,1,3,1,2,2,2,3,1,1
2,2,3,2,3,1,1,1,2,3,2,2,3,1
1,2,4,2,3,1,3,2,2,1,1,1,3,1
2,2,4,2,3,1,3,3,1,1,1,3,3,1
2,2,4,2,1,1,3,1,2,3,2,4,3,1
2,1,3,2,3,1,1,1,1,2,2,2,3,1
1,1,4,2,3,2,3,1,2,3,2,1,3,1
1,2,4,2,1,1,3,1,1,2,2,2,3,1
1,2,4,2,3,1,3,2,1,1,1,2,1,1
1,2,2,2,1,1,3,2,1,2,3,1,3,1
2,2,4,2,3,1,3,1,2,2,2,4,1,1
